  0.000000000000000E+000
  0.000000000000000E+000
  0.000000000000000E+000
  0.000000000000000E+000
  0.000000000000000E+000
  0.000000000000000E+000
  0.000000000000000E+000
  0.000000000000000E+000
  0.000000000000000E+000
  2.136328601903390E-002
  5.584047286641382E-002
  5.542530019678646E-002
  6.883986389664351E-002
  8.381388762040126E-002
  9.080235304581574E-002
  9.914882201294947E-002
  9.243714053584923E-002
  0.108382755207228     
  0.111589050948713     
  0.114768272705325     
  0.147840286575760     
  0.208851756348419     
  0.225267932523552     
  0.177669110078363     
  0.204360439222186     
  0.241955106666961     
  0.244945401721964     
  0.236403999498902     
  0.268607631371856     
  0.302002885230158     
  0.252547182138811     
  0.300724251508588     
  0.313493635861275     
  0.366430671641067     
  0.474190548487091     
  0.470600693686242     
  0.626343727637004     
  0.735221170649169     
  0.845591825745014     
  0.876003030278684     
  0.787261152976014     
  0.521935839818264     
  0.487046187729693     
  0.490222710008491     
  0.136755390049882     
  0.173592972283970     
  0.114230272397407     
  0.123228247963405     
  8.811222478681599E-002
  7.713437449936894E-002
  3.869176253052674E-002
  8.884466048431844E-002
  8.335728486789228E-002
  9.108223182144351E-002
  6.064241853684956E-002
  3.729285132299833E-002
  4.386431306958639E-002
  2.374040503175996E-002
  4.738172409464288E-002
  1.470821248883874E-002
  2.896166739758320E-002
  2.354395769722544E-002
  0.000000000000000E+000
  4.525334615521628E-002
  3.805487418134094E-002
  8.378702077193680E-003
  8.535541771147090E-003
  1.502493830456226E-002
  1.405454045220672E-002
  2.367656337083498E-002
  2.121746298321759E-002
  2.402406919516162E-002
  2.235801440156487E-002
  1.507953906630730E-002
  1.490921483740364E-002
  7.796089607726050E-003
  2.451646079263631E-002
  0.000000000000000E+000
  6.673713858651670E-003
  0.000000000000000E+000
  1.362391875399594E-002
  7.314314382397481E-003
  0.000000000000000E+000
  1.403292909405134E-002
  7.383386099963216E-003
  2.798994793006726E-002
  1.482072986887440E-002
  2.410978343535854E-002
  0.000000000000000E+000
  0.000000000000000E+000
  6.950089751560630E-003
  6.995411359712227E-003
  0.000000000000000E+000
  0.000000000000000E+000
  7.395774999449884E-003
  0.000000000000000E+000
  0.000000000000000E+000
  2.171448507042245E-002
  8.651695440443169E-003
  1.500796426364992E-002
